26 6
15 34
15 1
21 31
11 31
4 38
44 3
26 12
33 44
1 12
17 23
35 5
44 38
1 16
31 8
32 4
36 18
8 23
33 5
13 15
2 28
3 35
44 1
37 8
24 12
24 48
19 34
44 21
6 0
35 21
11 49
43 1
42 30
49 25
48 10
11 43
10 24
43 31
25 47
42 33
25 42
4 9
22 18
18 11
0 15
34 48
11 4
40 20
24 5
34 26
1 15
47 24
49 23
27 41
8 25
24 29
6 7
38 33
8 47
48 46
22 48
43 35
46 43
29 0
35 4
7 2
4 42
36 4
6 8
45 26
9 20
32 47
34 4
14 11
28 38
30 29
9 41
6 20
1 11
9 14
35 1
13 17
22 42
46 31
1 3
2 43
3 43
43 37
27 47
5 12
3 12
32 20
46 11
36 34
35 14
25 7
33 8
44 28
30 11
29 44
19 38
3 36
4 6
30 1
19 8
3 37
31 19
38 34
39 30
23 0
1 2
4 17
24 4
30 7
49 28
16 45
3 17
3 32
21 29
34 15
14 6
7 42
3 20
0 35
0 37
42 16
11 15
47 30
16 27
36 21
6 42
10 7
15 10
0 6
45 20
5 31
47 2
42 22
26 12
40 16
44 22
41 31
22 37
9 28
36 12
12 21
4 39
