155 145
125 17
36 102
78 27
97 34
38 136
174 20
166 61
156 188
18 160
12 68
84 0
122 130
191 160
21 187
140 61
52 170
163 157
125 93
85 197
113 80
170 13
172 23
2 60
134 1
64 82
194 12
72 4
59 31
86 66
164 21
184 88
59 136
119 153
36 199
169 107
61 28
157 165
156 71
157 98
61 166
147 169
162 52
63 23
193 10
71 65
181 78
100 24
0 127
92 170
175 59
32 9
114 13
126 36
64 177
8 125
95 104
167 41
128 89
151 118
139 51
32 46
95 174
57 186
191 24
9 138
127 41
167 20
143 3
57 162
69 159
43 72
141 118
54 122
181 78
70 186
81 164
143 173
11 158
40 17
72 3
66 10
29 172
113 26
183 68
76 52
0 16
130 94
20 169
176 129
95 150
104 160
159 112
55 1
16 159
9 176
0 123
78 33
1 67
177 40
25 88
181 31
36 61
22 20
160 134
91 77
127 182
105 179
188 0
91 168
172 175
99 69
36 24
150 119
25 112
113 150
117 192
96 29
161 38
168 58
70 17
40 164
15 146
78 38
137 118
172 35
58 177
158 14
159 67
108 88
26 81
97 25
30 37
73 2
6 183
192 80
32 18
5 187
184 55
68 53
49 0
47 31
177 108
197 139
92 142
186 88
179 193
74 36
165 117
71 132
182 188
114 31
26 74
146 194
75 145
11 113
138 63
39 76
44 66
167 84
88 130
110 199
149 159
126 103
4 96
165 108
58 76
181 41
160 173
59 144
11 82
27 119
151 52
74 85
148 120
96 119
103 11
152 66
31 27
95 35
29 179
198 132
14 166
177 49
42 34
78 0
60 26
43 98
190 188
28 97
59 28
117 145
125 87
64 55
21 130
128 60
95 75
16 197
67 123
99 174
75 107
89 145
171 115
81 197
88 24
135 27
96 198
74 182
173 21
26 173
149 60
35 40
175 125
171 117
169 123
13 153
109 179
28 47
52 84
177 94
168 1
136 196
81 125
172 99
93 50
12 62
110 150
75 99
196 190
120 4
113 53
120 112
43 161
120 73
88 123
55 166
160 159
167 71
10 13
189 74
176 72
161 168
19 66
81 6
64 174
190 180
46 145
167 124
154 151
41 131
8 71
46 57
195 25
109 86
32 158
54 56
112 145
95 67
169 61
70 51
14 151
133 119
173 28
61 31
83 36
77 198
135 90
25 197
63 2
1 164
63 56
190 196
192 20
163 119
141 26
95 105
125 45
126 180
126 115
70 136
51 137
10 181
68 13
104 41
89 185
24 13
188 113
67 144
155 72
69 133
41 110
41 199
124 41
78 89
19 128
43 80
60 110
107 151
134 90
16 194
35 155
75 29
180 126
54 99
95 63
4 16
156 177
141 26
165 195
122 123
45 181
130 21
67 117
75 135
79 10
58 18
98 135
137 22
25 5
97 47
102 142
58 151
21 194
184 138
43 133
81 173
195 34
23 20
57 163
160 75
117 51
4 12
38 17
33 89
132 75
56 169
151 53
140 174
41 88
171 98
66 122
125 188
56 15
0 84
44 95
161 11
160 5
38 40
169 77
99 69
166 133
87 181
4 152
132 123
182 156
64 111
184 95
189 150
74 31
127 178
158 62
33 187
51 31
157 179
139 57
60 40
43 146
23 84
113 27
190 194
50 137
37 130
135 166
139 131
51 53
23 196
147 133
121 18
95 51
22 33
4 90
1 83
84 142
105 30
73 193
56 19
66 185
18 161
149 134
187 34
53 33
107 128
76 153
179 72
31 194
29 58
123 190
172 5
184 36
124 58
164 55
179 78
57 141
190 28
2 104
107 136
13 87
30 60
76 15
175 11
78 104
9 63
28 95
186 116
96 45
153 178
87 199
94 0
67 19
37 62
199 35
93 192
64 139
144 47
10 18
164 170
43 60
4 24
121 147
183 127
35 120
188 40
22 78
140 184
23 93
41 101
57 168
29 1
55 198
81 182
82 163
157 131
63 103
57 4
132 163
36 1
55 105
20 0
48 33
162 164
75 124
138 159
89 60
195 187
61 10
116 56
22 58
71 152
102 24
63 59
160 191
198 22
111 81
46 190
168 147
71 170
41 139
123 151
88 143
199 115
172 192
77 171
43 160
36 183
197 6
19 186
117 130
144 121
49 83
60 144
47 77
109 58
188 99
118 158
129 174
143 50
163 35
103 171
104 192
94 80
131 58
159 66
84 164
180 114
59 138
12 128
187 42
56 69
127 60
4 11
64 159
100 160
41 180
100 178
109 81
182 167
159 64
86 157
198 132
32 3
177 3
90 148
23 122
160 129
179 32
54 176
49 120
81 123
35 9
196 78
16 48
27 77
182 92
141 199
24 116
163 187
173 114
191 49
85 39
18 124
107 110
4 84
167 138
187 139
145 84
112 66
30 4
131 82
54 107
187 199
188 23
5 147
198 83
147 66
169 151
72 7
64 31
63 197
191 61
31 38
160 99
169 180
90 64
105 30
67 134
176 56
188 35
13 31
107 96
102 46
188 166
119 183
198 96
85 78
30 28
107 8
117 151
187 121
150 189
30 158
154 128
27 120
32 180
172 34
114 5
194 107
198 157
38 163
50 41
29 14
38 29
23 2
86 47
138 195
78 23
14 45
96 150
117 28
181 89
171 50
71 145
134 63
173 113
52 181
189 100
60 140
145 109
31 15
11 108
156 101
196 54
129 44
86 155
11 115
118 188
135 160
50 15
115 67
179 161
194 80
130 79
37 66
16 87
149 130
71 21
66 34
156 158
166 37
136 11
57 45
195 83
198 92
50 127
16 115
146 186
127 99
179 37
140 44
22 102
66 164
124 133
50 4
39 110
91 116
49 161
94 146
81 27
163 154
51 40
75 101
80 83
172 7
90 152
159 187
20 199
46 133
87 40
11 123
114 98
158 152
94 85
119 2
136 144
95 99
131 94
132 146
60 171
34 142
29 94
117 52
62 19
148 67
107 142
169 123
11 98
74 184
79 144
23 54
151 154
47 143
32 87
168 60
188 199
147 104
176 10
50 177
85 36
152 86
67 60
78 124
47 56
109 132
61 135
184 131
83 93
11 82
108 119
131 166
58 103
74 116
184 113
43 147
177 170
24 69
37 143
196 77
158 29
98 96
37 19
66 86
128 140
21 198
117 22
110 170
179 26
190 104
51 23
190 63
119 128
65 54
93 31
3 187
36 28
45 111
18 122
54 136
144 139
8 87
17 33
77 170
31 7
74 83
184 6
115 165
122 197
17 37
181 127
111 169
162 93
86 82
43 118
172 132
100 132
41 24
83 120
166 132
89 23
144 131
25 139
28 21
183 79
31 143
94 36
16 165
147 56
53 96
198 194
33 42
166 143
40 74
163 70
13 21
128 197
60 156
127 110
180 199
138 64
69 143
146 66
156 140
80 4
57 106
32 96
89 109
196 13
94 162
133 104
42 36
60 28
31 151
67 99
43 59
23 184
131 85
166 83
58 61
164 97
170 195
181 97
185 110
163 155
42 51
15 152
181 199
57 132
119 182
72 88
176 162
142 86
42 25
191 177
135 77
76 175
93 34
25 141
175 29
161 107
