593 847
582 782
303 24
156 606
889 57
27 834
846 529
812 513
87 17
237 682
984 546
407 75
890 357
381 78
810 351
804 687
766 263
37 709
149 982
694 337
639 48
599 969
355 726
431 306
123 529
754 133
112 391
875 563
809 152
972 264
591 763
638 278
236 550
768 533
693 628
973 170
368 294
587 934
486 445
753 569
234 916
310 866
720 389
64 410
895 390
475 87
863 450
663 677
561 612
396 153
476 605
462 189
410 283
453 424
520 487
364 583
408 995
746 99
111 171
858 173
580 712
138 399
622 600
944 518
824 148
22 912
670 967
379 953
895 570
25 383
798 992
310 505
607 909
475 191
727 33
494 195
710 248
316 501
437 716
814 680
405 174
812 574
490 27
441 357
26 938
846 305
201 932
475 601
744 969
852 651
849 89
239 454
380 425
470 32
529 750
595 245
503 444
415 354
960 69
794 739
447 747
754 835
136 598
693 448
492 59
977 44
174 412
984 133
948 634
946 197
25 692
793 587
528 46
341 98
471 99
578 335
735 315
884 108
515 997
235 502
355 657
780 965
452 459
639 891
629 382
544 516
551 779
391 496
254 107
832 543
585 815
611 19
287 739
243 17
355 45
937 104
494 571
651 356
168 137
264 474
985 978
305 163
391 495
670 38
794 682
730 291
332 568
792 64
483 624
331 889
530 998
0 760
42 216
118 721
69 546
269 413
23 237
329 501
568 697
458 992
350 557
50 652
538 596
779 363
252 471
969 377
514 365
192 160
290 988
722 990
743 934
347 45
40 280
343 853
18 529
176 664
574 447
428 519
903 124
301 402
652 908
164 846
847 585
24 419
352 425
591 424
578 890
723 900
254 857
283 815
316 270
939 744
496 528
366 413
495 436
299 126
235 576
785 973
787 107
569 277
280 149
369 427
820 180
768 258
125 15
893 460
310 961
276 881
527 41
495 841
6 860
294 287
763 141
192 309
598 804
401 375
29 764
482 998
296 842
560 513
552 600
999 180
554 975
2 126
672 933
224 619
454 634
921 726
413 296
483 609
69 202
102 422
317 632
587 128
911 551
388 940
821 849
77 898
329 683
9 890
788 616
91 337
473 421
981 485
796 75
980 746
153 469
316 891
197 644
395 621
834 931
304 893
362 315
598 558
272 409
426 762
57 573
637 115
229 234
733 641
144 290
498 372
658 406
652 571
643 690
710 952
686 226
395 457
89 591
661 778
373 226
36 698
933 930
405 533
523 643
541 912
557 563
750 814
503 166
407 499
321 694
874 428
55 428
758 894
103 263
120 129
882 282
933 493
294 162
680 156
987 960
580 155
249 959
579 591
118 157
740 593
393 726
939 567
764 990
313 729
53 156
940 515
137 261
621 329
487 726
907 872
293 31
547 306
690 632
403 204
448 512
733 403
44 597
183 248
749 111
940 614
644 410
291 98
192 456
774 651
912 946
725 307
904 439
919 241
890 834
644 802
799 338
488 291
507 279
977 457
315 894
431 227
55 511
376 542
625 10
337 348
1 710
910 804
286 51
874 144
689 739
422 182
314 951
717 765
419 187
67 428
508 200
812 200
199 779
777 17
516 371
331 873
986 64
947 384
614 350
248 906
690 654
659 871
233 678
627 307
901 750
454 0
486 908
85 195
551 638
849 929
486 633
526 365
796 849
641 818
903 599
575 157
705 133
195 153
724 0
624 295
837 765
423 460
662 805
919 642
321 318
382 718
829 909
676 743
163 114
142 348
939 708
991 913
184 408
953 547
540 230
882 411
16 997
265 969
885 427
440 961
136 696
636 913
180 790
213 482
644 896
236 347
695 510
641 848
410 926
971 190
213 552
874 679
873 941
497 801
964 586
56 21
243 787
326 166
596 574
186 123
751 729
295 298
403 282
776 446
686 557
681 448
289 318
665 109
604 691
545 49
168 861
92 440
528 904
267 592
980 722
528 725
228 987
383 69
153 752
490 769
689 491
41 915
958 211
591 422
641 870
963 55
893 732
994 561
421 418
966 683
644 767
35 287
904 989
335 318
594 867
513 955
758 326
1 427
911 300
466 617
117 128
438 292
876 489
497 831
371 679
99 760
125 407
432 422
415 701
728 791
689 540
953 208
69 429
786 57
485 270
728 815
386 825
635 486
286 604
497 910
697 914
900 457
365 552
903 614
44 455
471 493
505 520
24 246
52 28
805 858
126 912
141 344
644 762
435 776
739 411
332 116
656 477
726 479
904 230
243 817
503 408
287 164
146 278
867 238
739 851
310 878
332 516
952 691
439 398
288 594
939 573
113 257
407 758
846 808
364 656
632 916
425 100
605 81
748 867
527 515
311 261
177 239
345 843
9 244
883 149
614 38
557 67
801 14
239 19
430 314
655 163
487 318
581 763
528 141
166 527
1 999
927 210
942 517
434 894
98 236
551 198
145 233
981 29
299 15
36 2
836 16
29 6
729 19
798 439
787 806
133 91
45 968
65 96
849 989
518 339
18 148
334 537
794 28
653 279
475 870
99 534
790 795
639 61
125 155
866 481
498 260
239 151
831 601
532 242
417 274
290 302
549 639
195 202
506 62
529 794
13 274
382 579
680 132
216 519
305 529
234 804
889 753
833 741
26 792
651 828
965 425
594 510
703 822
271 194
440 735
822 340
677 430
160 932
625 182
45 229
892 918
477 761
366 643
369 970
367 598
298 830
624 59
394 446
465 906
660 764
412 661
710 163
713 478
805 502
189 527
271 614
879 546
305 766
283 996
845 29
604 204
154 764
313 912
442 984
5 407
562 956
360 500
330 316
459 464
579 761
944 11
364 269
522 403
961 757
637 832
113 721
907 808
724 20
888 245
53 241
691 940
919 434
0 613
764 521
85 33
692 730
244 113
881 29
711 690
830 253
219 415
910 296
176 405
555 92
518 490
575 672
555 964
979 632
282 766
985 668
133 628
47 655
984 407
354 356
631 827
409 228
348 92
874 798
137 2
707 302
31 182
741 199
617 520
859 62
907 218
191 36
913 942
788 480
802 41
111 733
765 901
429 902
197 485
346 601
119 229
938 495
136 911
106 592
431 627
442 648
410 618
982 72
257 290
556 125
937 336
783 792
26 611
99 452
814 321
634 185
847 585
692 726
260 940
85 18
568 952
234 783
837 604
102 531
532 195
967 149
979 605
516 845
575 596
730 772
513 654
202 779
201 548
299 482
979 407
614 756
646 721
421 226
370 928
816 100
460 363
892 360
527 823
904 709
62 648
949 456
242 777
85 254
297 176
885 520
120 205
988 128
461 271
317 314
375 811
704 31
441 178
376 840
538 449
272 358
1 59
65 577
457 939
230 572
588 526
791 524
844 268
261 657
955 736
4 351
321 396
531 30
641 59
858 859
372 657
933 202
608 966
70 904
129 701
431 786
95 206
748 984
91 258
501 602
566 457
444 33
152 396
990 825
379 199
495 222
785 810
530 209
656 10
917 189
919 495
329 744
809 469
335 684
348 810
690 740
761 949
777 515
232 533
83 347
979 4
138 112
360 870
208 61
762 691
389 743
339 85
269 866
804 673
302 102
736 577
63 200
507 297
811 306
194 551
257 170
778 104
484 858
180 356
763 708
913 761
133 75
836 327
343 233
344 476
793 383
498 903
409 241
758 336
0 167
305 142
350 702
648 260
509 677
275 978
361 316
888 727
860 542
411 653
396 579
6 897
430 132
401 207
534 578
431 805
837 971
668 81
225 811
672 730
829 486
27 32
224 889
989 994
312 52
454 132
423 11
670 754
953 912
997 599
112 77
100 707
529 679
275 315
673 922
949 824
870 411
402 826
383 686
803 752
953 683
133 96
656 516
875 495
148 755
50 946
333 146
64 953
886 455
958 150
379 585
549 972
156 596
78 785
19 262
530 2
755 120
231 880
117 828
667 372
719 861
42 167
998 545
459 793
937 901
141 759
1 68
863 703
754 903
348 452
591 209
312 420
372 471
946 415
587 186
673 459
444 89
460 929
525 348
430 713
648 873
446 582
609 735
64 873
115 640
908 89
867 416
568 253
903 935
899 788
908 486
455 459
34 389
433 716
590 296
534 633
981 765
45 898
668 375
223 664
413 446
458 526
361 963
71 307
999 306
831 639
440 485
906 35
504 981
565 503
585 83
268 922
728 887
422 366
380 413
101 628
139 195
402 671
270 699
675 803
929 955
583 243
674 295
163 584
716 595
373 368
172 253
403 255
821 548
80 801
711 792
910 120
397 989
787 774
910 913
650 54
609 217
700 448
847 837
716 114
663 595
782 657
704 803
876 170
881 137
37 674
721 995
756 5
336 156
567 792
79 463
849 581
300 577
991 524
164 101
478 473
506 412
420 977
933 435
676 966
898 224
831 235
27 510
630 23
350 599
89 302
900 575
175 570
924 998
9 865
352 790
279 352
26 457
54 757
788 167
228 571
31 773
671 140
919 783
889 900
807 287
441 434
850 418
121 920
83 750
8 341
185 192
169 545
844 864
314 786
893 225
953 175
47 550
914 750
133 792
440 73
521 970
717 867
770 610
642 894
376 603
387 736
965 802
14 244
140 977
114 375
882 1
802 77
460 313
32 556
24 151
662 26
191 593
48 17
438 645
798 27
165 399
556 6
608 920
463 615
449 327
794 247
52 764
602 376
55 980
180 697
3 569
123 718
942 506
995 236
814 974
889 12
52 480
45 225
51 720
139 949
452 288
845 654
358 821
118 855
502 159
555 453
188 227
229 100
78 946
480 546
275 978
843 181
66 604
802 559
948 772
884 589
995 971
316 869
850 55
998 514
21 942
431 977
757 428
840 734
158 31
1 648
783 771
459 112
969 758
449 885
984 219
56 340
370 750
340 920
726 94
532 459
375 120
47 400
430 290
752 542
405 516
918 528
628 183
548 610
968 770
964 141
541 630
254 236
710 544
455 335
247 118
195 207
744 331
217 34
362 365
84 629
852 735
458 432
839 27
923 777
247 260
545 500
967 941
968 160
631 75
378 558
95 818
688 813
594 775
546 612
656 387
507 242
745 470
295 928
222 150
612 954
489 963
930 979
874 811
618 711
28 462
747 814
570 593
291 485
122 220
398 392
908 615
691 908
342 782
24 95
829 532
30 958
462 519
876 951
985 968
918 570
485 906
497 672
676 608
202 760
404 919
954 961
312 830
20 525
658 727
444 113
449 155
328 277
971 710
369 881
416 858
287 16
430 15
265 95
168 302
451 872
126 604
982 249
990 760
788 914
61 100
807 483
371 53
126 641
442 191
80 179
716 186
797 980
383 177
53 712
850 368
889 18
277 752
371 94
780 452
345 188
665 53
832 852
420 573
612 626
751 395
668 570
443 372
673 743
849 749
83 374
586 751
39 78
328 198
910 707
760 160
182 810
190 277
54 395
317 417
183 886
346 86
799 392
591 493
766 870
298 89
603 688
751 670
556 301
109 958
461 783
672 141
902 756
286 623
899 682
370 13
710 397
763 489
360 583
598 55
209 464
82 322
437 775
548 631
999 874
134 105
383 699
502 906
277 325
776 705
470 584
572 786
27 138
937 986
271 351
676 287
241 303
256 406
944 494
483 518
289 40
626 306
953 298
601 622
56 196
26 369
655 594
711 161
189 35
166 985
286 576
305 118
804 542
602 654
25 293
501 662
628 89
209 521
384 312
864 707
862 868
44 306
299 184
990 400
649 630
993 873
723 454
266 950
720 519
54 915
19 239
154 105
596 745
526 576
278 127
434 520
240 560
94 176
890 191
426 104
673 984
636 595
20 193
909 828
468 346
965 343
637 273
920 802
141 184
370 435
665 149
483 918
195 487
379 29
820 890
233 510
853 410
647 871
757 316
211 832
798 434
142 270
248 207
573 670
652 410
237 890
143 4
650 334
787 208
28 483
98 836
612 627
456 226
128 365
186 965
50 618
358 702
925 758
583 322
675 866
510 726
225 397
938 369
96 679
444 972
298 379
950 459
445 591
21 925
72 985
578 819
411 992
943 497
956 157
560 603
91 114
62 536
201 719
631 654
210 565
579 396
174 95
898 577
318 458
158 692
430 202
277 236
919 491
436 486
628 258
453 331
112 126
217 232
442 577
198 180
461 261
985 914
667 152
906 784
953 360
172 931
38 959
782 403
154 871
463 271
811 156
838 988
61 723
501 789
99 343
357 479
453 78
374 366
522 964
873 212
873 103
0 161
628 409
509 826
92 657
802 183
333 329
668 79
255 242
480 492
971 231
943 865
376 519
811 284
153 739
49 915
523 660
93 762
879 984
316 206
413 377
238 65
143 567
480 741
281 673
580 929
285 708
402 445
995 652
586 609
438 572
137 211
748 645
906 984
859 951
296 35
446 873
204 817
613 967
53 128
835 716
65 420
523 3
597 462
30 708
734 352
848 187
616 701
166 989
74 461
254 221
110 278
994 761
270 646
442 466
823 950
549 559
564 28
163 870
389 171
396 638
23 703
501 263
462 40
398 325
781 774
243 186
200 419
253 508
306 936
451 616
656 277
725 958
89 953
92 162
819 666
762 761
457 372
658 404
935 78
325 944
103 888
894 637
201 670
645 310
270 349
814 594
724 393
517 221
573 456
679 302
468 752
192 171
126 808
74 229
193 204
752 199
588 47
542 442
993 74
919 494
527 954
225 198
998 936
265 835
608 37
909 967
165 868
198 9
40 851
234 69
941 646
44 339
544 693
135 339
132 661
493 846
333 191
23 149
258 213
15 78
497 686
425 969
522 427
467 637
474 311
331 963
475 871
954 91
788 464
195 687
304 270
53 617
47 717
340 602
239 663
484 176
52 944
579 955
330 15
929 533
642 419
855 207
56 555
88 659
56 121
611 964
989 196
846 727
756 194
553 576
470 889
862 764
806 159
109 7
368 88
467 917
386 778
181 508
499 659
516 204
118 969
910 557
926 95
154 380
879 876
423 839
73 380
167 966
220 22
847 912
771 96
897 16
228 848
28 612
656 750
196 691
874 766
741 241
909 698
388 588
877 10
870 524
62 293
733 280
213 404
764 307
774 495
82 582
250 455
49 129
734 661
320 470
543 236
642 577
758 750
355 911
485 654
940 81
217 702
498 968
830 341
917 483
866 284
864 131
777 55
639 488
777 663
796 657
990 890
405 735
876 373
104 401
717 185
722 753
848 526
983 673
443 935
105 282
920 573
25 418
397 68
365 976
64 28
391 873
622 827
221 450
579 278
279 519
917 689
747 223
560 238
135 803
371 715
362 870
100 286
219 341
921 897
363 645
387 565
11 597
156 635
73 583
312 358
80 963
238 440
271 968
313 575
892 853
345 477
798 155
769 994
521 255
307 339
816 588
670 519
930 790
771 437
492 995
547 153
608 445
467 645
612 539
771 534
444 806
966 68
334 625
585 610
726 394
773 504
504 779
840 684
663 528
563 992
448 946
726 597
420 486
56 110
895 145
111 844
220 369
535 672
433 329
529 633
748 537
288 314
563 255
184 306
123 32
364 322
240 803
551 109
159 494
381 72
617 296
816 382
422 282
773 622
517 524
204 65
622 887
534 344
823 649
88 466
174 853
582 980
173 565
690 617
371 428
986 66
737 171
335 590
656 175
182 319
709 513
224 800
809 970
280 51
59 921
511 842
502 622
201 732
474 505
31 481
312 844
359 398
749 679
949 275
444 921
237 954
136 94
525 281
406 232
215 613
368 519
575 83
737 612
829 665
146 349
613 961
357 291
651 768
103 501
634 444
447 355
598 942
940 593
360 454
659 195
905 265
458 531
511 438
141 719
284 728
196 310
848 346
856 221
619 706
646 272
484 178
599 359
751 266
865 722
769 218
657 684
457 576
902 922
401 501
799 819
511 488
986 218
642 645
447 883
914 168
758 722
511 915
655 275
663 914
187 636
587 641
685 981
735 879
571 539
84 714
277 416
532 227
164 327
457 546
849 592
163 519
112 51
164 273
742 326
793 100
72 410
902 262
845 247
130 201
672 732
191 773
694 287
682 834
902 827
656 307
506 572
182 947
489 933
403 94
940 621
915 50
597 327
477 989
215 489
27 817
212 44
241 333
769 19
724 423
338 885
201 165
795 360
784 702
273 0
656 346
561 775
321 949
680 693
628 496
816 324
766 489
400 790
418 17
202 414
639 714
523 337
129 344
243 164
863 149
213 235
671 64
389 366
29 575
175 161
697 898
860 109
317 183
513 438
508 311
25 628
52 853
247 33
231 948
62 537
637 542
637 691
561 109
874 182
153 922
756 480
96 770
386 334
142 603
489 604
556 291
125 101
226 191
866 684
784 973
508 5
444 37
414 151
375 809
15 629
754 755
151 546
181 19
257 389
125 586
103 75
132 688
620 848
213 55
70 872
750 477
303 531
643 446
653 571
399 744
835 6
630 355
71 417
548 247
427 779
231 416
931 956
956 555
411 188
947 464
240 51
620 40
363 5
505 674
212 587
93 145
566 723
778 447
605 499
761 609
1 616
452 253
329 763
627 69
772 316
719 587
480 692
198 212
849 938
71 220
42 633
755 941
75 390
398 18
450 490
507 875
859 273
806 672
695 860
667 710
780 233
317 176
851 35
544 20
867 176
279 681
455 484
147 856
772 286
537 360
19 122
504 433
247 992
6 721
264 279
691 156
761 700
649 769
725 177
255 529
824 989
204 206
833 847
668 501
364 633
984 123
442 384
183 922
567 571
380 824
837 682
85 740
540 153
807 992
208 497
513 885
74 258
644 978
373 234
497 851
910 701
93 265
998 79
706 858
544 553
236 69
377 264
658 422
730 483
754 507
758 583
919 484
180 718
724 795
609 723
25 249
56 251
944 661
723 914
940 531
995 725
557 945
480 685
147 348
616 347
554 501
181 963
486 192
872 543
640 450
57 636
609 449
619 586
59 336
174 381
312 177
292 402
819 343
294 651
477 735
398 51
572 852
949 547
897 586
416 240
310 362
95 291
993 83
172 5
597 319
358 455
864 1
610 833
763 790
820 407
19 34
328 569
879 65
906 825
752 780
256 47
912 234
589 429
241 572
428 793
961 269
925 785
982 369
716 240
144 647
645 162
618 658
970 64
889 738
173 280
697 520
267 829
516 895
496 634
564 745
525 53
14 607
217 796
873 337
610 422
227 696
119 742
593 192
836 501
815 649
308 390
512 792
908 48
328 467
797 159
350 347
872 607
386 500
451 869
984 107
134 662
613 890
244 795
678 487
482 46
507 727
761 196
228 692
825 422
317 694
732 306
871 895
123 277
462 584
807 925
421 668
298 409
529 382
602 226
612 290
897 810
950 166
793 214
676 337
420 785
716 260
889 457
613 13
379 933
673 188
687 50
159 988
765 487
625 57
90 380
312 337
294 568
960 566
525 410
124 89
819 939
901 829
4 878
259 329
55 313
338 879
361 894
641 642
130 373
932 121
404 502
911 282
92 213
102 213
508 449
242 959
593 83
831 838
86 437
329 64
167 332
895 786
685 157
718 595
804 222
460 625
703 231
219 271
945 425
952 207
989 398
913 125
111 334
698 318
414 235
77 581
900 177
84 797
300 733
617 887
241 967
339 553
118 740
710 556
674 432
146 912
941 333
861 390
163 849
507 556
730 605
234 329
481 367
56 206
777 278
718 552
200 892
893 648
741 721
460 131
132 536
667 3
718 530
554 544
656 647
363 149
118 770
358 351
7 333
658 540
925 564
692 257
441 716
379 3
897 639
289 75
980 880
831 8
95 594
183 19
404 593
90 130
51 795
596 128
529 253
776 553
828 987
947 342
501 790
591 6
257 706
758 711
781 499
610 965
582 264
71 20
539 516
778 89
40 429
61 262
666 695
621 576
22 77
553 776
128 648
793 381
395 821
574 864
849 385
155 94
836 843
755 882
946 253
888 927
957 65
983 889
866 945
571 588
801 543
876 757
556 151
396 292
979 419
995 606
185 778
908 805
775 807
359 390
286 228
173 128
996 246
453 713
448 114
208 42
852 987
465 238
567 421
291 821
346 313
774 251
638 179
258 401
156 129
164 4
337 932
393 88
238 994
819 860
659 469
750 660
264 999
921 488
777 206
330 430
788 216
124 57
663 349
241 577
957 330
506 401
388 302
953 150
977 450
296 341
462 512
723 41
566 690
696 76
890 765
824 784
334 667
688 83
164 313
968 248
557 726
463 948
279 626
188 397
726 403
669 586
815 685
294 62
667 810
912 539
109 331
859 649
651 135
149 80
711 623
179 959
98 134
537 276
387 95
42 674
812 967
660 241
309 709
429 957
634 715
796 428
214 550
793 311
248 367
866 642
506 263
479 99
434 93
660 617
34 481
558 871
469 925
186 672
412 151
795 212
360 934
712 655
501 621
414 663
777 269
74 490
183 114
667 719
220 503
469 835
934 817
395 331
795 832
1 599
775 627
203 230
244 673
26 933
478 481
641 469
886 418
433 42
874 508
3 916
507 758
821 213
445 80
513 947
580 115
836 551
754 610
917 789
16 350
861 685
544 426
313 125
692 82
993 263
501 467
368 890
764 454
213 58
956 44
934 973
199 511
673 316
572 887
360 794
398 329
57 134
337 653
644 757
542 884
570 718
858 533
625 430
796 466
852 42
256 976
303 27
764 497
904 359
897 217
250 34
161 366
395 181
77 458
11 756
860 915
858 412
605 403
337 127
856 63
757 406
282 248
255 251
638 114
832 793
747 799
167 58
782 460
16 180
979 152
517 484
43 950
771 601
885 524
39 931
372 719
846 609
620 174
19 611
5 461
179 828
868 757
454 599
5 893
76 679
116 959
111 717
774 949
243 932
324 359
323 702
127 261
294 127
465 6
775 934
582 14
355 242
169 396
192 455
674 746
153 540
471 210
958 789
120 846
576 171
24 994
577 798
672 253
427 220
658 35
110 167
181 857
557 502
114 728
430 621
462 802
966 577
614 474
332 295
780 218
620 320
438 368
832 206
808 430
426 983
719 948
868 649
760 999
319 206
471 457
204 646
477 536
557 215
367 358
273 470
64 34
257 744
320 689
9 652
514 955
237 272
798 742
295 845
991 578
494 74
220 152
941 962
348 773
468 380
394 513
121 895
37 407
642 173
497 779
919 56
201 262
958 744
941 288
200 908
188 796
975 352
625 731
450 363
52 963
106 759
916 651
472 773
722 683
783 848
998 477
979 803
864 733
909 621
971 516
896 50
785 928
663 210
877 314
792 65
918 11
0 599
459 958
555 134
987 345
714 654
650 299
720 225
500 861
39 122
507 600
113 732
447 839
867 719
971 821
569 465
547 92
862 833
545 859
65 23
995 945
161 573
531 515
877 422
346 525
981 561
222 951
519 712
478 904
510 854
605 407
648 68
212 776
776 438
712 522
302 471
481 360
35 936
775 598
530 398
178 115
708 323
143 431
453 598
638 530
618 309
31 243
570 983
927 74
47 568
96 916
434 484
116 128
273 207
162 99
505 64
466 218
815 452
265 730
217 241
125 65
835 754
372 481
225 492
569 510
159 131
979 933
436 884
917 78
272 976
611 226
360 840
648 852
430 618
515 102
620 962
604 127
893 422
566 641
976 116
564 5
310 304
583 74
31 777
578 5
114 65
739 912
853 337
549 366
364 357
351 933
197 556
471 696
868 644
515 478
943 608
562 222
554 252
584 334
703 330
93 810
826 487
357 197
788 842
134 493
460 751
413 13
843 28
612 498
630 570
998 973
940 763
621 503
113 819
379 994
257 186
512 747
911 20
195 221
43 208
77 152
260 919
329 461
114 68
813 320
664 16
390 898
771 271
814 749
730 766
22 142
124 650
837 885
856 971
95 913
673 517
875 384
513 870
787 565
8 607
32 828
522 487
855 46
433 266
937 297
841 195
67 31
1 961
394 568
587 40
824 153
687 697
755 596
522 624
663 550
447 452
31 150
467 877
476 390
789 231
412 23
15 573
775 445
753 558
980 55
647 474
19 825
348 989
452 765
579 451
668 310
972 400
280 901
874 988
548 490
827 489
518 336
569 227
952 499
691 699
495 805
508 136
107 671
81 664
559 520
599 431
340 931
321 645
777 831
116 155
192 835
649 544
254 550
806 36
807 469
542 334
581 35
786 816
575 716
938 3
729 35
282 808
23 610
303 873
974 403
106 845
809 272
257 550
795 666
753 874
729 827
47 274
218 41
610 330
160 427
381 936
292 81
61 494
17 944
689 907
451 817
747 134
215 378
96 740
746 353
904 460
461 233
426 268
958 494
410 375
997 190
434 742
936 576
643 273
160 82
971 821
731 355
639 735
147 911
340 434
890 17
321 82
246 229
502 553
503 216
573 811
609 354
368 751
463 18
508 449
555 839
363 196
838 197
361 962
48 581
338 868
759 726
484 675
815 448
214 884
987 965
320 908
871 617
246 7
39 881
368 699
65 842
542 193
415 62
608 96
871 229
158 995
930 551
757 1
710 41
661 453
666 833
990 675
799 629
624 519
845 177
500 917
425 685
831 249
852 280
695 135
295 307
993 742
556 373
257 231
306 155
773 780
876 586
808 118
929 202
579 651
669 528
954 209
439 55
505 785
876 746
360 481
957 781
0 834
672 197
391 721
324 486
156 656
861 678
458 645
724 667
981 928
583 37
46 643
45 254
526 103
147 957
243 249
216 426
406 883
879 507
515 215
147 348
291 574
646 773
513 392
259 961
600 565
360 485
873 828
907 166
362 868
546 611
278 434
334 230
440 413
231 107
506 664
634 357
353 949
583 186
797 361
379 448
588 929
928 210
598 262
420 809
110 218
104 697
117 22
409 548
660 683
948 51
692 93
949 249
801 894
370 125
885 440
617 830
878 191
72 38
911 169
788 911
825 537
959 74
282 88
752 931
537 926
690 469
4 18
846 233
443 932
437 679
74 492
237 40
592 360
256 280
560 23
410 853
807 500
56 451
427 183
67 352
846 733
334 667
970 676
140 401
910 557
225 157
894 255
62 947
500 448
13 236
884 877
234 382
846 906
330 961
429 503
228 889
710 46
30 366
183 529
145 918
31 776
585 732
880 141
106 432
47 876
400 519
1 885
599 905
3 282
871 175
475 814
557 504
395 237
614 256
852 616
10 157
892 830
615 314
310 471
346 469
332 230
108 493
120 437
466 877
835 492
501 382
189 459
667 390
286 6
23 61
941 636
831 798
855 927
325 660
295 303
536 301
450 421
552 471
942 605
346 740
866 278
366 730
226 359
122 59
56 250
180 228
803 858
777 345
137 554
366 314
756 816
930 306
922 921
751 919
975 979
299 10
847 501
646 712
800 74
842 510
366 554
643 391
69 688
434 530
281 750
46 447
704 688
684 879
19 291
794 617
461 114
423 664
963 489
418 267
469 717
978 700
745 219
948 664
123 909
271 293
216 814
181 231
185 118
193 948
90 778
210 20
171 847
282 859
210 581
453 730
669 507
502 386
54 207
640 401
90 742
205 346
884 978
446 366
357 129
587 8
414 85
85 853
631 474
381 992
105 963
709 56
350 837
370 699
899 818
405 87
785 477
13 448
94 272
421 162
543 748
557 749
299 596
66 385
647 431
655 792
256 729
608 90
868 116
508 143
670 295
226 32
3 453
953 431
799 805
503 845
378 881
482 793
262 841
159 772
279 783
419 249
552 550
877 39
674 720
585 431
887 923
363 97
538 22
447 883
178 952
764 892
812 505
27 911
183 143
568 440
690 630
519 86
362 944
668 133
377 49
46 110
578 417
793 788
185 752
252 980
340 379
887 563
563 509
361 440
599 988
454 255
143 62
520 587
586 796
734 529
1 34
16 99
625 450
261 483
710 870
372 151
211 67
104 846
890 937
494 191
28 119
878 693
56 750
492 677
934 315
981 572
645 45
40 361
494 357
935 714
640 510
734 957
49 402
561 940
286 917
587 892
186 124
995 831
791 707
185 516
240 780
723 144
44 972
183 935
608 748
742 469
449 217
346 21
394 5
949 106
830 993
731 763
958 983
754 442
502 701
62 646
108 245
23 399
132 668
251 972
227 709
447 994
912 9
572 383
787 631
153 860
398 380
985 160
36 85
819 111
375 568
881 906
956 822
102 728
23 82
163 153
289 735
508 32
38 622
269 629
203 834
708 877
661 528
908 850
697 317
102 48
860 665
756 581
261 338
607 993
622 186
332 564
824 493
127 55
587 732
763 276
668 312
850 423
927 992
992 453
211 601
544 737
633 984
937 47
484 120
353 697
879 131
416 310
712 985
87 357
658 261
800 591
308 990
775 763
204 7
505 599
882 604
227 998
247 243
627 716
115 425
584 704
170 467
961 421
239 963
313 255
570 91
642 936
648 358
568 845
641 372
2 795
933 63
752 941
846 925
777 585
378 825
970 196
886 494
988 985
781 102
647 348
98 352
68 35
921 189
535 570
621 821
491 763
965 903
68 621
572 499
317 635
319 891
640 428
998 733
927 271
103 733
80 90
649 437
430 326
923 941
412 845
522 532
860 791
611 92
728 890
675 57
541 242
682 884
77 798
996 211
583 636
940 572
658 208
5 456
575 754
60 377
470 204
812 806
694 407
156 667
991 926
497 264
875 319
341 94
847 370
436 269
647 201
971 515
28 737
892 68
66 862
284 459
76 179
817 182
273 12
85 251
886 550
240 645
975 156
27 989
33 507
765 8
246 967
437 495
310 289
45 898
113 211
579 665
940 75
777 23
140 595
766 826
773 689
998 105
148 714
819 533
414 593
451 277
112 69
531 718
855 387
101 909
277 915
233 754
697 348
550 392
456 530
897 149
135 350
907 926
836 171
316 154
81 537
908 97
399 506
194 866
642 763
638 88
887 543
937 914
201 143
684 478
617 298
976 775
142 465
676 447
456 770
532 969
19 766
459 416
140 844
792 631
266 422
212 995
121 890
726 250
552 324
921 165
342 803
845 538
557 118
665 61
516 505
929 602
636 427
433 200
44 939
758 471
179 348
988 595
98 103
78 424
245 403
444 258
481 611
941 145
298 388
683 908
339 170
561 339
81 876
681 895
102 443
50 61
141 843
345 643
926 962
884 574
501 207
614 634
805 960
974 619
201 15
547 561
755 261
902 749
850 110
992 778
483 28
925 757
785 655
108 18
309 499
543 390
748 12
630 912
49 388
229 498
556 573
273 855
820 230
773 94
605 193
346 173
787 33
318 853
179 755
503 21
508 542
751 930
652 263
486 680
822 299
255 966
5 198
86 15
640 331
112 735
790 193
182 46
686 569
806 649
895 80
930 535
739 49
391 962
480 727
263 432
52 898
631 320
38 97
200 848
733 135
722 16
309 872
953 922
905 907
152 869
423 424
616 214
426 398
867 105
854 285
789 153
984 593
575 452
666 988
523 316
553 867
802 248
951 674
648 830
256 451
765 980
138 638
298 56
840 743
968 664
82 669
767 366
785 565
518 554
675 459
78 118
540 481
244 710
745 57
88 353
708 660
555 797
636 532
157 692
525 937
126 688
745 543
4 3
833 491
446 349
89 513
633 286
878 726
145 484
982 279
654 189
27 930
525 253
231 87
150 819
579 78
934 667
436 564
621 210
83 894
748 334
414 374
835 412
856 523
439 237
598 455
567 86
953 102
288 158
658 306
13 358
419 635
579 974
81 898
726 569
382 749
368 232
726 64
873 416
277 814
544 535
380 207
991 801
375 187
605 264
843 768
988 959
799 95
327 734
315 517
451 329
648 341
640 963
854 780
753 946
791 57
551 570
490 983
110 456
608 668
850 358
921 351
88 659
21 949
538 638
756 17
787 518
991 990
306 23
852 233
561 8
323 443
13 273
4 179
905 937
37 742
378 415
59 640
138 228
798 582
655 328
437 677
229 343
921 723
378 769
367 177
280 683
92 601
285 272
865 460
687 648
301 745
277 64
425 703
596 522
207 44
466 603
794 374
475 96
166 630
80 33
523 927
219 664
574 440
241 690
124 909
358 373
794 446
26 308
83 308
47 735
785 275
29 407
395 753
303 401
949 862
940 640
712 716
33 28
333 606
487 332
734 21
669 9
256 834
848 227
25 201
129 57
827 340
460 902
547 87
864 795
651 494
252 92
606 279
47 320
533 903
949 55
469 966
603 987
215 600
939 498
415 803
735 697
586 412
577 559
457 19
459 568
484 746
305 31
806 326
658 26
522 247
726 428
435 356
72 810
91 513
568 226
408 992
545 418
226 160
667 986
706 875
99 234
599 564
107 342
213 778
990 237
317 944
566 862
499 787
463 616
737 708
437 983
812 639
198 44
632 864
520 285
119 849
572 62
916 268
52 823
380 82
793 583
706 839
725 517
794 723
682 338
900 373
166 404
97 746
486 884
984 780
116 331
234 712
855 144
394 733
202 904
92 345
509 543
987 816
65 57
589 453
236 588
203 655
756 988
673 516
632 875
720 754
445 69
768 795
592 513
704 387
265 448
194 125
672 436
487 260
92 79
328 167
689 15
32 505
835 480
211 12
328 489
74 789
915 170
933 968
525 972
417 661
631 533
265 511
405 612
736 344
216 495
480 552
951 700
709 958
607 949
426 141
540 61
503 710
765 193
434 286
279 497
984 375
288 780
295 863
609 478
974 695
416 283
89 980
645 278
230 657
776 512
714 608
806 696
339 219
428 209
347 273
16 142
641 621
356 931
509 28
8 646
635 843
227 832
478 483
917 712
670 432
49 610
982 490
873 888
387 929
416 147
803 326
481 738
200 613
544 299
137 802
130 3
335 549
260 443
355 504
670 257
760 232
717 385
50 834
971 785
670 35
496 22
572 398
730 841
655 811
463 128
672 343
39 508
743 998
419 738
714 145
24 475
22 47
647 645
423 586
340 18
589 448
694 582
659 374
18 829
89 543
375 433
243 435
253 9
671 16
74 348
852 814
797 474
165 882
123 683
999 882
675 590
834 862
16 916
501 508
245 893
320 265
125 673
472 890
735 105
157 328
892 245
592 890
776 269
621 662
282 553
290 890
1 174
914 619
78 954
849 215
204 510
481 171
179 828
522 152
30 45
628 383
540 492
338 109
152 948
858 116
92 239
628 0
438 862
183 551
342 592
952 94
403 613
474 311
924 654
944 104
435 983
565 827
377 794
31 206
670 747
451 833
67 690
80 659
641 828
839 224
773 204
119 543
961 160
288 431
490 149
617 247
95 291
115 536
277 286
920 814
713 265
795 76
29 303
809 515
342 391
297 270
404 184
813 427
873 91
508 776
622 176
719 309
963 915
637 383
372 87
617 989
743 730
92 747
969 340
925 452
803 241
319 642
649 602
658 548
393 958
77 373
33 403
236 184
770 867
931 250
156 322
27 233
830 714
863 138
770 648
883 881
59 684
269 278
971 225
688 401
912 354
221 630
56 152
898 335
528 802
671 556
171 702
192 19
787 69
657 608
319 868
401 152
877 720
488 318
466 465
313 721
633 477
378 783
78 867
748 611
52 781
711 970
33 622
337 957
603 105
571 728
569 947
895 300
506 585
172 427
759 262
954 191
466 303
893 620
122 157
273 956
682 819
575 239
7 82
913 861
492 299
242 927
486 672
326 400
814 420
540 164
681 462
458 925
3 786
757 252
158 314
63 542
674 2
636 659
724 617
228 338
764 503
165 86
265 609
602 973
245 216
798 989
460 240
645 96
755 576
592 175
869 304
33 35
234 71
21 371
370 104
325 16
268 399
43 138
942 904
554 178
356 349
554 3
685 611
234 241
239 255
815 580
674 861
540 433
714 686
308 886
43 28
222 333
552 422
500 939
729 978
969 783
619 547
385 478
724 209
283 461
355 118
610 864
514 939
809 513
655 739
259 342
450 339
799 122
609 361
902 474
371 601
14 926
841 90
169 24
192 783
510 733
792 25
498 442
340 739
513 727
774 23
317 342
111 122
752 729
752 584
682 22
793 907
556 546
961 904
566 756
543 959
313 496
165 297
70 928
428 780
223 670
555 701
410 765
838 434
349 806
333 452
285 315
206 337
455 523
460 703
650 239
544 329
410 908
797 351
495 234
652 348
723 13
122 185
702 75
459 571
973 39
750 301
657 723
13 176
479 883
250 509
155 464
503 591
70 205
777 851
175 803
22 427
91 991
246 979
715 691
472 247
658 825
742 538
289 545
104 345
398 400
194 265
428 135
101 351
10 251
282 699
470 175
162 829
337 108
601 310
840 764
927 679
783 512
692 488
851 516
591 434
760 894
282 28
468 998
491 499
583 437
151 224
813 884
91 766
994 739
109 194
755 104
453 32
918 721
242 149
476 881
87 229
967 554
638 420
938 325
415 481
606 855
501 629
376 684
607 113
108 32
166 81
4 313
22 600
282 136
169 620
873 812
299 925
357 841
920 940
887 141
465 676
99 930
469 88
590 909
144 110
832 411
838 8
363 955
760 460
475 866
380 987
655 983
300 553
273 757
442 297
47 682
939 656
843 936
431 711
723 449
778 32
33 784
264 105
834 578
587 985
801 844
980 700
364 628
654 75
893 252
119 866
216 400
924 350
35 698
443 742
502 318
238 925
461 871
672 500
679 405
264 769
971 770
740 738
431 522
140 198
585 709
708 751
839 437
13 74
788 967
633 736
797 959
115 568
223 251
319 6
786 589
934 912
194 482
873 903
485 378
655 320
431 121
679 851
303 916
881 528
276 907
512 107
866 69
61 284
176 37
707 168
13 707
564 670
449 626
841 558
154 518
352 751
731 620
688 567
194 493
912 985
182 40
298 362
819 472
549 476
353 734
384 549
838 902
494 338
681 71
713 198
704 865
980 969
792 958
774 316
182 951
626 212
152 0
56 607
656 889
717 854
995 221
60 794
415 350
311 175
618 529
25 710
680 712
117 610
20 242
899 62
528 92
854 814
972 902
457 763
685 886
103 219
929 41
324 880
642 446
139 569
443 922
940 470
337 571
458 462
617 991
737 2
197 313
13 938
944 36
760 984
216 342
48 251
841 449
449 281
633 60
471 827
173 271
653 91
615 152
982 954
899 69
667 151
540 201
795 555
277 231
392 586
150 398
23 370
573 555
236 220
318 68
697 475
575 582
660 972
809 398
37 491
396 410
596 618
834 753
28 191
178 328
6 729
227 976
358 109
883 934
348 225
409 848
351 666
648 303
857 768
292 34
646 399
513 652
371 300
183 93
184 955
461 854
138 349
201 292
915 877
878 16
203 124
817 252
504 773
363 646
725 865
383 181
469 429
133 515
277 334
544 666
920 692
423 632
401 75
391 170
878 879
516 703
274 952
109 124
614 728
119 64
3 941
662 5
653 377
380 249
914 191
115 774
776 463
179 418
424 829
851 671
284 810
325 526
681 977
392 100
583 928
354 260
887 719
895 920
918 769
0 539
990 173
802 932
150 470
382 503
116 735
883 657
97 77
746 47
224 39
123 251
590 352
249 418
155 305
638 490
796 146
818 460
847 661
983 308
514 399
620 952
751 400
997 154
93 288
105 671
493 9
236 309
463 731
788 145
894 405
135 554
877 35
680 544
857 784
166 291
434 404
44 650
320 938
491 685
563 720
124 173
290 667
39 421
256 479
482 613
613 431
99 349
522 279
281 982
912 725
908 441
455 523
608 51
288 260
796 539
497 570
710 989
562 462
308 478
182 712
103 809
810 379
947 148
811 718
266 882
306 315
24 303
855 532
690 589
487 475
946 347
48 607
875 882
795 73
391 615
588 525
449 531
11 328
404 813
441 364
377 908
66 79
41 845
961 864
540 973
855 652
720 729
843 424
754 978
180 676
347 630
953 618
207 105
535 552
493 376
595 5
485 983
366 745
438 4
468 278
88 658
662 907
520 534
663 963
572 344
796 176
885 148
423 72
853 935
956 221
776 95
125 840
368 607
271 489
538 218
186 216
775 91
83 855
382 474
56 932
880 983
137 461
139 736
420 891
576 274
61 951
833 834
852 88
981 317
521 202
507 558
839 929
17 782
842 753
275 895
959 975
972 320
900 445
73 541
258 866
506 305
492 674
719 224
168 221
896 547
196 856
568 449
873 761
508 243
193 289
905 373
360 614
642 718
441 216
228 364
727 263
831 530
389 905
131 787
216 699
469 194
722 518
549 918
613 778
938 652
537 917
602 98
471 521
196 892
522 203
870 763
920 717
889 597
18 974
108 898
345 848
593 770
91 824
768 938
521 363
134 690
26 514
962 464
3 487
229 170
858 533
39 225
302 200
93 883
937 783
767 728
198 441
286 789
373 647
792 75
321 323
358 257
657 716
392 204
346 389
343 27
252 977
795 931
948 673
546 140
240 144
342 819
932 332
495 734
548 652
350 899
898 785
634 568
85 184
473 399
548 279
140 74
909 458
140 781
469 539
279 26
472 536
556 948
456 89
671 929
106 101
967 425
636 760
789 671
212 324
518 705
469 912
552 211
733 964
970 641
471 294
615 549
550 257
500 74
696 519
533 860
83 953
445 817
16 856
973 575
741 666
528 891
630 853
580 431
657 896
810 852
617 511
768 806
388 357
910 212
606 689
4 197
517 33
500 545
796 719
708 831
527 316
987 258
113 351
903 303
626 481
311 656
333 625
416 688
109 167
953 375
960 413
259 268
991 557
86 781
879 760
688 22
52 177
682 461
212 554
599 957
693 454
576 918
908 24
630 2
120 528
181 107
731 26
122 373
154 815
791 822
977 190
144 280
285 861
203 632
202 157
424 605
529 80
90 210
257 164
299 612
219 290
21 13
537 158
276 284
6 142
797 887
521 877
164 518
263 700
148 73
645 679
549 571
300 121
170 112
110 530
951 368
505 330
138 493
110 854
266 263
482 623
62 231
269 792
64 672
79 928
423 556
307 977
42 760
720 373
151 481
568 461
906 364
594 22
340 132
953 285
176 774
838 837
920 403
938 151
15 229
703 694
687 952
855 666
126 638
622 752
258 604
899 227
872 392
216 15
85 676
711 739
417 589
379 444
135 264
601 162
80 643
718 764
717 401
927 676
841 963
679 11
546 434
223 785
514 860
906 896
768 764
548 901
250 668
151 271
220 114
517 169
230 367
592 878
95 739
172 861
52 443
650 696
474 814
181 469
212 85
537 830
354 394
190 360
976 764
239 954
329 297
337 439
689 909
267 569
251 812
52 451
0 888
345 577
596 664
434 621
800 282
585 434
459 234
21 542
19 844
61 225
249 789
411 3
221 640
24 135
619 216
924 674
519 765
496 885
615 216
554 358
880 890
707 162
396 682
478 23
341 469
918 905
243 127
269 304
230 944
982 970
865 107
800 279
208 172
471 816
64 349
313 991
176 131
52 370
987 0
517 366
430 626
921 273
206 660
316 4
413 542
466 713
905 334
851 389
667 207
396 191
147 526
646 522
842 888
4 687
672 19
185 887
464 161
630 610
321 29
165 627
798 202
602 973
144 695
938 522
984 849
684 210
128 477
975 257
969 632
2 539
87 879
232 652
217 715
355 868
135 209
168 345
487 451
1 27
987 905
781 829
173 463
799 577
502 263
672 26
679 928
899 855
810 94
203 88
498 722
424 417
359 554
58 427
270 324
197 265
337 582
795 999
442 44
536 404
586 467
479 298
928 353
332 515
634 348
961 92
660 967
326 907
594 46
796 913
724 572
612 655
385 574
746 436
602 943
948 865
395 787
282 461
618 380
867 612
990 726
634 658
37 276
856 894
974 703
690 685
941 675
18 328
578 624
694 90
63 212
441 207
563 166
83 615
871 157
956 600
381 755
74 169
152 4
588 494
687 346
540 646
802 785
796 31
722 153
787 790
860 172
856 571
291 119
85 925
453 507
504 393
225 516
70 455
254 248
990 752
301 27
189 623
547 732
904 163
239 890
744 391
306 250
508 81
189 275
921 481
158 745
281 480
834 38
261 444
330 113
89 398
485 493
629 498
822 474
238 782
169 141
68 674
132 119
965 701
61 693
76 961
795 487
974 429
430 782
669 89
809 498
751 723
186 509
935 166
512 303
501 802
966 239
159 472
736 878
263 296
362 800
740 772
144 657
162 620
247 664
130 949
940 647
236 407
394 685
487 256
67 265
431 410
380 529
290 940
326 605
813 397
244 552
654 120
765 363
638 535
886 727
883 261
214 804
460 645
271 47
321 570
868 914
689 434
698 575
545 701
684 156
376 984
542 934
782 765
327 589
828 176
97 145
192 241
617 68
370 549
309 893
367 18
465 245
830 337
650 822
200 685
992 560
863 158
842 42
832 161
565 264
677 604
97 863
530 790
423 357
361 838
420 99
776 277
649 13
814 116
690 104
813 140
102 187
43 408
764 395
613 117
340 194
806 794
697 104
930 701
616 121
208 333
252 296
47 43
476 568
424 861
27 114
742 321
290 604
183 121
242 499
148 87
141 918
965 499
431 692
609 232
765 622
818 452
55 381
48 551
634 756
732 993
63 975
436 71
384 445
192 68
818 897
339 492
324 599
300 923
677 380
409 137
485 604
832 423
318 955
463 341
70 570
681 202
899 398
899 585
866 74
81 530
354 617
881 630
997 112
130 962
